        1671       1671	     11435
	   1           1  7.108371471688064E-019  
           1           2  2.644992207189662E-019  
           1           3  1.385197284192143E-019  
           1           4  1.480566186430594E-019  
           2           1  2.644992207189662E-019  
           2           2  1.852187751867924E-018  
           2           3  1.976111706910830E-019  
           2           4  2.226972639176292E-019  
           2           5  2.066725554149409E-019  
           2           6  2.531810061735729E-019  
           3           1  1.385197284192143E-019  
           3           2  1.976111706910830E-019  
           3           3  1.053203590510525E-018  
           3           5  2.374255103643591E-019  
           3           7  1.371915392890552E-019  
           4           1  1.480566186430594E-019  
           4           2  2.226972639176292E-019  
           4           4  1.227977213290456E-018  
           4           6  3.239286159192771E-019  
           4           8  1.834832369327464E-019  
           5           2  2.066725554149409E-019  
           5           3  2.374255103643591E-019  
           5           5  2.173667822048101E-018  
           5           6  2.841707372062460E-019  
           5           7  2.619282794820323E-019  
           5           9  2.596657470563370E-019  
           5          10  2.547219872584867E-019  
           6           2  2.531810061735729E-019  
           6           4  3.239286159192771E-019  
           6           5  2.841707372062460E-019  
           6           6  2.713512595233318E-018  
           6           8  3.607938774171639E-019  
           6           9  2.759280921982477E-019  
           6          11  3.227476632995169E-019  
           6          12  2.420602445131241E-019  
           7           3  1.371915392890552E-019  
           7           5  2.619282794820323E-019  
           7           7  1.102026672385563E-018  
           7          10  2.492007918617769E-019  
           7          13  1.232203998982155E-019  
           8           4  1.834832369327464E-019  
           8           6  3.607938774171639E-019  
           8           8  1.361068162022627E-018  
           8          11  3.224694113836996E-019  
           8          14  1.627557947040445E-019  
           9           5  2.596657470563370E-019  
           9           6  2.759280921982477E-019  
           9           9  2.120063691270142E-018  
           9          10  2.524152321245029E-019  
           9          12  2.020585003070389E-019  
           9          15  2.373786501631056E-019  
           9          16  2.250192235977674E-019  
          10           5  2.547219872584867E-019  
          10           7  2.492007918617769E-019  
          10           9  2.524152321245029E-019  
          10          10  2.223870599149933E-018  
          10          13  2.693727267456539E-019  
          10          15  2.508934193432212E-019  
          10          17  2.856346663435760E-019  
          11           6  3.227476632995169E-019  
          11           8  3.224694113836996E-019  
          11          11  2.449044042353291E-018  
          11          12  2.223920316270408E-019  
          11          14  2.998245572022418E-019  
          11          18  2.972129342161247E-019  
          11          19  3.075815751806675E-019  
          12           6  2.420602445131241E-019  
          12           9  2.020585003070389E-019  
          12          11  2.223920316270408E-019  
          12          12  1.805884335536097E-018  
          12          16  1.926420186178846E-019  
          12          18  2.457954306826276E-019  
          13           7  1.232203998982155E-019  
          13          10  2.693727267456539E-019  
          13          13  1.113677564235095E-018  
          13          17  2.765344699788162E-019  
          13          20  1.104945819816069E-019  
          14           8  1.627557947040445E-019  
          14          11  2.998245572022418E-019  
          14          14  1.231260770951546E-018  
          14          19  2.826720884591858E-019  
          14          23  1.538085581219963E-019  
          15           9  2.373786501631056E-019  
          15          10  2.508934193432212E-019  
          15          15  2.049740290264927E-018  
          15          16  2.350361941275775E-019  
          15          17  2.634134840390878E-019  
          15          21  2.011184082470207E-019  
          15          22  1.959387947132596E-019  
          16           9  2.250192235977674E-019  
          16          12  1.926420186178846E-019  
          16          15  2.350361941275775E-019  
          16          16  2.127497997069015E-018  
          16          18  2.969421861017657E-019  
          16          21  2.186492634165160E-019  
          16          24  2.846113021312477E-019  
          17          10  2.856346663435760E-019  
          17          13  2.765344699788162E-019  
          17          15  2.634134840390878E-019  
          17          17  2.288045399764974E-018  
          17          20  2.332764348349309E-019  
          17          22  2.111640914180034E-019  
          17          25  1.949213106018749E-019  
          17          27  1.773303060609941E-019  
          18          11  2.972129342161247E-019  
          18          12  2.457954306826276E-019  
          18          16  2.969421861017657E-019  
          18          18  2.667661937163462E-018  
          18          19  2.980962482103539E-019  
          18          24  3.364490890530447E-019  
          18          26  2.503260820769062E-019  
          18          29  2.953622139378669E-019  
          19          11  3.075815751806675E-019  
          19          14  2.826720884591858E-019  
          19          18  2.980962482103539E-019  
          19          19  2.315396776537093E-018  
          19          23  2.877672985437733E-019  
          19          26  2.031293765735620E-019  
          19          28  2.619900040905349E-019  
          20          13  1.104945819816069E-019  
          20          17  2.332764348349309E-019  
          20          20  9.194009065230804E-019  
          20          25  1.689398403077269E-019  
          20          31  7.060439093583110E-020  
          21          15  2.011184082470207E-019  
          21          16  2.186492634165160E-019  
          21          21  1.776616857521743E-018  
          21          22  1.722656045040303E-019  
          21          24  2.332178913671107E-019  
          21          30  1.355245626252286E-019  
          21          32  1.443145677159166E-019  
          22          15  1.959387947132596E-019  
          22          17  2.111640914180034E-019  
          22          21  1.722656045040303E-019  
          22          22  1.612252675731052E-018  
          22          27  1.326262182559939E-019  
          22          30  1.240044293817845E-019  
          22          33  1.049618936335610E-019  
          23          14  1.538085581219963E-019  
          23          19  2.877672985437733E-019  
          23          23  1.190470315304287E-018  
          23          28  2.706374012386064E-019  
          23          34  1.461894750907476E-019  
          24          16  2.846113021312477E-019  
          24          18  3.364490890530447E-019  
          24          21  2.332178913671107E-019  
          24          24  2.283694984579806E-018  
          24          29  2.918975013270486E-019  
          24          32  1.691120542175975E-019  
          24          36  1.956818509928730E-019  
          24          39  1.129782907003156E-019  
          25          17  1.949213106018749E-019  
          25          20  1.689398403077269E-019  
          25          25  1.461497563454384E-018  
          25          27  1.130638789071882E-019  
          25          31  1.078119811190007E-019  
          25          35  9.569703077829462E-020  
          25          38  1.067300809831891E-019  
          26          18  2.503260820769062E-019  
          26          19  2.031293765735620E-019  
          26          26  1.833563019911395E-018  
          26          28  2.196890041084170E-019  
          26          29  2.055638573827576E-019  
          26          37  2.490879345411182E-019  
          27          17  1.773303060609941E-019  
          27          22  1.326262182559939E-019  
          27          25  1.130638789071882E-019  
          27          27  1.314099123182299E-018  
          27          33  7.945372309508243E-020  
          27          35  8.703687136571873E-020  
          27          40  4.415297508336287E-020  
          28          19  2.619900040905349E-019  
          28          23  2.706374012386064E-019  
          28          26  2.196890041084170E-019  
          28          28  2.335968214865723E-018  
          28          34  2.970923263224216E-019  
          28          37  3.001362915509453E-019  
          28          41  3.176879375479086E-019  
          29          18  2.953622139378669E-019  
          29          24  2.918975013270486E-019  
          29          26  2.055638573827576E-019  
          29          29  2.207152508276286E-018  
          29          36  1.990503526482488E-019  
          29          37  2.911903826150955E-019  
          29          44  2.333989088977980E-019  
          30          21  1.355245626252286E-019  
          30          22  1.240044293817845E-019  
          30          30  1.307542149212170E-018  
          30          32  1.181978236050772E-019  
          30          33  9.354934632403293E-020  
          30          42  8.770946059287445E-020  
          30          43  8.473492438689016E-020  
          31          20  7.060439093583110E-020  
          31          25  1.078119811190007E-019  
          31          31  6.554100730537864E-019  
          31          38  9.198351567550471E-020  
          31          45  5.099742608380974E-020  
          32          21  1.443145677159166E-019  
          32          24  1.691120542175975E-019  
          32          30  1.181978236050772E-019  
          32          32  1.366803180660411E-018  
          32          39  7.440587405306234E-020  
          32          42  9.706475614250603E-020  
          32          46  8.453506623209915E-020  
          33          22  1.049618936335610E-019  
          33          27  7.945372309508243E-020  
          33          30  9.354934632403293E-020  
          33          33  1.111374250150688E-018  
          33          40  3.468327472541566E-020  
          33          43  6.602600634898591E-020  
          33          48  6.324504076166928E-020  
          34          23  1.461894750907476E-019  
          34          28  2.970923263224216E-019  
          34          34  1.216787719553111E-018  
          34          41  2.942363531197458E-019  
          34          49  1.486504418647771E-019  
          35          25  9.569703077829462E-020  
          35          27  8.703687136571873E-020  
          35          35  1.092768619444518E-018  
          35          38  6.327286725843986E-020  
          35          40  2.060796433641615E-020  
          35          47  7.220956027453586E-020  
          35          51  7.595288297880831E-020  
          36          24  1.956818509928730E-019  
          36          29  1.990503526482488E-019  
          36          36  1.603787768660513E-018  
          36          39  8.989287970867933E-020  
          36          44  1.909086289433636E-019  
          36          50  1.072902069863158E-019  
          36          53  1.406612344301089E-019  
          37          26  2.490879345411182E-019  
          37          28  3.001362915509453E-019  
          37          29  2.911903826150955E-019  
          37          37  2.764540036638851E-018  
          37          41  3.547707373879987E-019  
          37          44  2.795700229103072E-019  
          37          52  3.478999215712555E-019  
          37          54  2.917426573946131E-019  
          38          25  1.067300809831891E-019  
          38          31  9.198351567550471E-020  
          38          35  6.327286725843986E-020  
          38          38  1.123430472494066E-018  
          38          45  5.789809340794335E-020  
          38          47  5.984497350301599E-020  
          38          55  7.453623998906861E-020  
          39          24  1.129782907003156E-019  
          39          32  7.440587405306234E-020  
          39          36  8.989287970867933E-020  
          39          39  1.101269130628319E-018  
          39          46  5.919143065757106E-020  
          39          50  6.347793433470529E-020  
          40          27  4.415297508336287E-020  
          40          33  3.468327472541566E-020  
          40          35  2.060796433641615E-020  
          40          40  8.668277862256186E-019  
          40          48  1.585590577366668E-020  
          40          51  5.138707272081421E-020  
          41          28  3.176879375479086E-019  
          41          34  2.942363531197458E-019  
          41          37  3.547707373879987E-019  
          41          41  2.616649965912910E-018  
          41          49  3.220704097159672E-019  
          41          52  3.201094873463897E-019  
          41          58  3.421712235184100E-019  
          42          30  8.770946059287445E-020  
          42          32  9.706475614250598E-020  
          42          42  1.145296443535589E-018  
          42          43  7.651633287661971E-020  
          42          46  8.200115007845408E-020  
          42          56  7.040630305179763E-020  
          42          57  7.001980627769982E-020  
          43          30  8.473492438689016E-020  
          43          33  6.602600634898591E-020  
          43          42  7.651633287661971E-020  
          43          43  1.065838029077136E-018  
          43          48  6.053611856722803E-020  
          43          56  5.749611240507328E-020  
          43          59  5.848595360294643E-020  
          44          29  2.333989088977980E-019  
          44          36  1.909086289433636E-019  
          44          37  2.795700229103072E-019  
          44          44  1.946239980424924E-018  
          44          53  1.610589979683633E-019  
          44          54  2.374554700339897E-019  
          44          61  1.766035036494420E-019  
          45          31  5.099742608380974E-020  
          45          38  5.789809340794335E-020  
          45          45  5.299055632082079E-019  
          45          55  4.672148838550437E-020  
          45          64  3.695921426932588E-020  
          46          32  8.453506623209915E-020  
          46          39  5.919143065757106E-020  
          46          42  8.200115007845408E-020  
          46          46  1.127668889574951E-018  
          46          50  8.573926826764545E-020  
          46          57  7.620876743477040E-020  
          46          60  7.678465723260936E-020  
          47          35  7.220956027453586E-020  
          47          38  5.984497350301599E-020  
          47          47  9.797514104635157E-019  
          47          51  6.053914208844752E-020  
          47          55  3.768614514713491E-020  
          47          62  2.999450550439470E-020  
          47          65  5.209146512489767E-020  
          48          33  6.324504076166928E-020  
          48          40  1.585590577366669E-020  
          48          43  6.053611856722803E-020  
          48          48  9.716841150464574E-019  
          48          51  6.826940268288119E-020  
          48          59  4.220656467731901E-020  
          48          63  4.868184893904516E-020  
          49          34  1.486504418647771E-019  
          49          41  3.220704097159672E-019  
          49          49  1.281582579265771E-018  
          49          58  3.303046060138318E-019  
          49          68  1.493872199813869E-019  
          50          36  1.072902069863158E-019  
          50          39  6.347793433470529E-020  
          50          46  8.573926826764545E-020  
          50          50  1.223351984756997E-018  
          50          53  1.186770137782446E-019  
          50          60  8.772138446564857E-020  
          50          66  9.488515424990582E-020  
          51          35  7.595288297880831E-020  
          51          40  5.138707272081421E-020  
          51          47  6.053914208844752E-020  
          51          48  6.826940268288119E-020  
          51          51  1.068290508950827E-018  
          51          62  6.090421392018853E-020  
          51          63  5.254935619558250E-020  
          51          70  5.190148063252097E-020  
          52          37  3.478999215712555E-019  
          52          41  3.201094873463897E-019  
          52          52  2.449374932142057E-018  
          52          54  2.602441931760708E-019  
          52          58  3.167462589900131E-019  
          52          67  2.298675422406878E-019  
          52          69  3.014105826035664E-019  
          53          36  1.406612344301089E-019  
          53          44  1.610589979683633E-019  
          53          50  1.186770137782446E-019  
          53          53  1.474208427670428E-018  
          53          61  1.560496590259833E-019  
          53          66  1.118887212378823E-019  
          53          72  1.227921498458151E-019  
          54          37  2.917426573946131E-019  
          54          44  2.374554700339897E-019  
          54          52  2.602441931760708E-019  
          54          54  2.032116314108712E-018  
          54          61  1.819317788208640E-019  
          54          67  2.162822081665017E-019  
          54          74  1.773300746067294E-019  
          55          38  7.453623998906861E-020  
          55          45  4.672148838550437E-020  
          55          47  3.768614514713491E-020  
          55          55  9.398524440390382E-019  
          55          64  3.159793361445156E-020  
          55          65  2.567582728493782E-020  
          55          76  5.245352794942583E-020  
          56          42  7.040630305179763E-020  
          56          43  5.749611240507328E-020  
          56          56  1.005132342506221E-018  
          56          57  6.451028000393588E-020  
          56          59  5.227093692950929E-020  
          56          71  4.932992831057482E-020  
          56          73  4.971361223945473E-020  
          57          42  7.001980627769982E-020  
          57          46  7.620876743477040E-020  
          57          56  6.451028000393588E-020  
          57          57  1.079156260225071E-018  
          57          60  7.781029584883065E-020  
          57          71  6.264519604560815E-020  
          57          75  6.734229123381584E-020  
          58          41  3.421712235184100E-019  
          58          49  3.303046060138318E-019  
          58          52  3.167462589900131E-019  
          58          58  2.879414802302099E-018  
          58          68  3.720520269713431E-019  
          58          69  3.481098136399346E-019  
          58          78  4.834936242452403E-019  
          59          43  5.848595360294643E-020  
          59          48  4.220656467731899E-020  
          59          56  5.227093692950929E-020  
          59          59  9.327116317817006E-019  
          59          63  4.343560659932724E-020  
          59          73  3.513148184854831E-020  
          59          77  3.918955152479129E-020  
          60          46  7.678465723260936E-020  
          60          50  8.772138446564857E-020  
          60          57  7.781029584883065E-020  
          60          60  1.159876720819122E-018  
          60          66  9.446107509182651E-020  
          60          75  8.051744202077710E-020  
          60          79  8.189290353083001E-020  
          61          44  1.766035036494420E-019  
          61          53  1.560496590259833E-019  
          61          54  1.819317788208640E-019  
          61          61  1.618828584480656E-018  
          61          72  1.332579456894847E-019  
          61          74  1.675794257596076E-019  
          61          83  1.407638343917285E-019  
          62          47  2.999450550439470E-020  
          62          51  6.090421392018853E-020  
          62          62  8.080413929141280E-019  
          62          65  1.194195885213069E-020  
          62          70  3.123518342393900E-021  
          62          80  3.089446403663938E-020  
          62          81 -1.391457079551007E-020  
          63          48  4.868184893904516E-020  
          63          51  5.254935619558250E-020  
          63          59  4.343560659932724E-020  
          63          63  8.929888044198096E-019  
          63          70  2.854283316753050E-020  
          63          77  2.479181306945959E-020  
          63          82  3.078735384749081E-020  
          64          45  3.695921426932588E-020  
          64          55  3.159793361445154E-020  
          64          64  4.471494770095455E-019  
          64          76  1.510148186126161E-020  
          64          86  2.478403673669642E-020  
          65          47  5.209146512489767E-020  
          65          55  2.567582728493782E-020  
          65          62  1.194195885213069E-020  
          65          65  8.187596938743441E-019  
          65          76  1.503723577498159E-020  
          65          80  6.201340206180453E-021  
          65          87  3.609960077746191E-020  
          66          50  9.488515424990582E-020  
          66          53  1.118887212378823E-019  
          66          60  9.446107509182651E-020  
          66          66  1.263792484040782E-018  
          66          72  1.142672982747075E-019  
          66          79  9.420461999595212E-020  
          66          85  9.264039808322144E-020  
          67          52  2.298675422406878E-019  
          67          54  2.162822081665017E-019  
          67          67  1.800588755127283E-018  
          67          69  2.355141253397904E-019  
          67          74  1.575530767707466E-019  
          67          84  1.804906894951379E-019  
          67          88  1.056429229845746E-019  
          68          49  1.493872199813869E-019  
          68          58  3.720520269713431E-019  
          68          68  1.504916013200522E-018  
          68          78  4.629586862752322E-019  
          68          90  1.543398628959303E-019  
          69          52  3.014105826035664E-019  
          69          58  3.481098136399346E-019  
          69          67  2.355141253397904E-019  
          69          69  2.459781484072887E-018  
          69          78  3.931680223074027E-019  
          69          84  2.153267925039113E-019  
          69          92  2.858384265416128E-019  
          70          51  5.190148063252097E-020  
          70          62  3.123518342393900E-021  
          70          63  2.854283316753050E-020  
          70          70  7.812206282264361E-019  
          70          81 -4.548880266513068E-021  
          70          82  5.015342778788046E-021  
          70          94  1.910653046358334E-020  
          71          56  4.932992831057482E-020  
          71          57  6.264519604560815E-020  
          71          71  9.645731069905947E-019  
          71          73  4.367594531435058E-020  
          71          75  6.088197305197314E-020  
          71          89  4.225181531636361E-020  
          71          91  4.415321286407220E-020  
          72          53  1.227921498458151E-019  
          72          61  1.332579456894847E-019  
          72          66  1.142672982747074E-019  
          72          72  1.375629256970831E-018  
          72          83  1.333778497739074E-019  
          72          85  1.026412550744775E-019  
          72          96  1.074551524575191E-019  
          73          56  4.971361223945473E-020  
          73          59  3.513148184854831E-020  
          73          71  4.367594531435058E-020  
          73          73  8.803913333680933E-019  
          73          77  3.220176813425982E-020  
          73          89  2.669354666529635E-020  
          73          93  3.091477199956344E-020  
          74          54  1.773300746067294E-019  
          74          61  1.675794257596076E-019  
          74          67  1.575530767707466E-019  
          74          74  1.589315180134634E-018  
          74          83  1.447771162950088E-019  
          74          88  1.129820109286342E-019  
          74          97  1.603121175083572E-019  
          75          57  6.734229123381584E-020  
          75          60  8.051744202077710E-020  
          75          71  6.088197305197314E-020  
          75          75  1.100959841510056E-018  
          75          79  8.210363417189434E-020  
          75          91  6.197264812457587E-020  
          75          95  8.611223377825441E-020  
          76          55  5.245352794942583E-020  
          76          64  1.510148186126161E-020  
          76          65  1.503723577498159E-020  
          76          76  8.115567263422786E-019  
          76          86  1.526251492207845E-020  
          76          87  5.493038958723425E-021  
          76         100  3.528492689941557E-020  
          77          59  3.918955152479129E-020  
          77          63  2.479181306945959E-020  
          77          73  3.220176813425982E-020  
          77          77  8.175815360592598E-019  
          77          82  2.172336251915096E-020  
          77          93  1.493302190686837E-020  
          77          98  2.220583127625961E-020  
          78          58  4.834936242452403E-019  
          78          68  4.629586862752322E-019  
          78          69  3.931680223074027E-019  
          78          78  1.997106649845908E-018  
          78          90  1.647620703493493E-019  
          78          92  1.562095441672500E-019  
          79          60  8.189290353083001E-020  
          79          66  9.420461999595212E-020  
          79          75  8.210363417189434E-020  
          79          79  1.190663920811385E-018  
          79          85  9.191804535002554E-020  
          79          95  1.011787119716525E-019  
          79         101  7.653792317447728E-020  
          80          62  3.089446403663938E-020  
          80          65  6.201340206180453E-021  
          80          80  7.081770379082018E-019  
          80          81 -3.282932667965332E-020  
          80          87  1.260516038239747E-021  
          80          99  1.076955967302100E-020  
          80         102  1.304267431022650E-020  
          81          62 -1.391457079551007E-020  
          81          70 -4.548880266513068E-021  
          81          80 -3.282932667965332E-020  
          81          81  6.187100804669687E-019  
          81          94 -3.954343652633499E-020  
          81          99  4.274185418611371E-021  
          82          63  3.078735384749081E-020  
          82          70  5.015342778788046E-021  
          82          77  2.172336251915095E-020  
          82          82  7.496061745933474E-019  
          82          94  1.163172910757012E-020  
          82          98  3.213514021995250E-021  
          82         105  1.277090805098789E-020  
          83          61  1.407638343917285E-019  
          83          72  1.333778497739074E-019  
          83          74  1.447771162950088E-019  
          83          83  1.474059101482102E-018  
          83          96  1.141002061939427E-019  
          83          97  1.643269705696849E-019  
          83         106  1.101266590205116E-019  
          84          67  1.804906894951379E-019  
          84          69  2.153267925039113E-019  
          84          84  1.786663660147922E-018  
          84          88  1.197614278477188E-019  
          84          92  2.467538321708216E-019  
          84         103  1.568863910375015E-019  
          84         104  1.963453869125223E-019  
          85          66  9.264039808322144E-020  
          85          72  1.026412550744775E-019  
          85          79  9.191804535002554E-020  
          85          85  1.210204829800860E-018  
          85          96  1.005046548787594E-019  
          85         101  8.317924211615593E-020  
          85         108  7.779175876082045E-020  
          86          64  2.478403673669642E-020  
          86          76  1.526251492207845E-020  
          86          86  3.866239473601674E-019  
          86         100 -3.373777963479270E-021  
          86         110  1.292579432994414E-020  
          87          65  3.609960077746191E-020  
          87          76  5.493038958723425E-021  
          87          80  1.260516038239747E-021  
          87          87  7.439849004875084E-019  
          87         100  2.810605677941806E-021  
          87         102 -1.223226175108671E-020  
          87         112  3.469715195891312E-020  
          88          67  1.056429229845746E-019  
          88          74  1.129820109286342E-019  
          88          84  1.197614278477188E-019  
          88          88  1.261962899804878E-018  
          88          97  1.201437650664838E-019  
          88         103  1.098859478214547E-019  
          89          71  4.225181531636361E-020  
          89          73  2.669354666529635E-020  
          89          89  8.308398312234356E-019  
          89          91  3.636374861714946E-020  
          89          93  2.321970925302521E-020  
          89         107  1.644566201846971E-020  
          89         109  2.303465614748280E-020  
          90          68  1.543398628959303E-019  
          90          78  1.647620703493493E-019  
          90          90  5.107442206008750E-019  
          91          71  4.415321286407220E-020  
          91          75  6.197264812457587E-020  
          91          89  3.636374861714946E-020  
          91          91  9.424335179876542E-019  
          91          95  7.058958618349475E-020  
          91         107  3.495780970114584E-020  
          91         111  2.751760128351346E-020  
          92          69  2.858384265416128E-019  
          92          78  1.562095441672500E-019  
          92          84  2.467538321708216E-019  
          92          92  1.138981148761688E-018  
          92         104  1.152555805468179E-019  
          93          73  3.091477199956344E-020  
          93          77  1.493302190686837E-020  
          93          89  2.321970925302521E-020  
          93          93  7.684914870388875E-019  
          93          98  1.477516970449572E-020  
          93         109  6.831867540589130E-021  
          93         113  1.515014150973222E-020  
          94          70  1.910653046358334E-020  
          94          81 -3.954343652633499E-020  
          94          82  1.163172910757011E-020  
          94          94  6.822701857724195E-019  
          94          99  2.069868650385692E-020  
          94         105 -9.771147578541086E-021  
          94         114 -7.358992586808788E-022  
          95          75  8.611223377825441E-020  
          95          79  1.011787119716525E-019  
          95          91  7.058958618349475E-020  
          95          95  1.148455445312087E-018  
          95         101  8.897680294390309E-020  
          95         111  6.087647826171837E-020  
          95         115  5.062613781592575E-020  
          95         121  4.199171594295933E-020  
          96          72  1.074551524575191E-019  
          96          83  1.141002061939427E-019  
          96          85  1.005046548787594E-019  
          96          96  1.286640044648190E-018  
          96         106  1.071584287109245E-019  
          96         108  8.700498689878110E-020  
          96         118  1.086803174571281E-019  
          97          74  1.603121175083572E-019  
          97          83  1.643269705696849E-019  
          97          88  1.201437650664838E-019  
          97          97  1.647492179371852E-018  
          97         103  1.748087134016043E-019  
          97         106  1.226649356225487E-019  
          97         116  1.718186178722329E-019  
          97         120  6.501762952077707E-020  
          98          77  2.220583127625960E-020  
          98          82  3.213514021995250E-021  
          98          93  1.477516970449572E-020  
          98          98  7.176419244623200E-019  
          98         105  6.828660570118028E-021  
          98         113 -1.916896335044160E-021  
          98         119  9.363272822388485E-021  
          99          80  1.076955967302100E-020  
          99          81  4.274185418611371E-021  
          99          94  2.069868650385692E-020  
          99          99  7.016207152505742E-019  
          99         102  4.604674283893239E-021  
          99         114 -2.436775629796232E-021  
          99         117  1.210519344680064E-020  
          99         125  4.695602508434086E-021  
         100          76  3.528492689941557E-020  
         100          86 -3.373777963479270E-021  
         100          87  2.810605677941806E-021  
         100         100  7.291666545975529E-019  
         100         110  3.366562378518354E-021  
         100         112  6.263450375567072E-021  
         100         124  1.525440658899381E-020  
         101          79  7.653792317447728E-020  
         101          85  8.317924211615593E-020  
         101          95  8.897680294390309E-020  
         101         101  1.101759495155976E-018  
         101         108  7.490082692687527E-020  
         101         115  4.428937245115684E-020  
         101         123  6.727164182287093E-020  
         102          80  1.304267431022649E-020  
         102          87 -1.223226175108671E-020  
         102          99  4.604674283893245E-021  
         102         102  6.494247678605712E-019  
         102         112  1.145194446790655E-020  
         102         117 -1.958269315307164E-020  
         102         126 -2.826583758502082E-020  
         103          84  1.568863910375015E-019  
         103          88  1.098859478214547E-019  
         103          97  1.748087134016043E-019  
         103         103  1.660588042542666E-018  
         103         104  1.879060048775617E-019  
         103         116  1.803457646754044E-019  
         103         122  1.814752491504670E-019  
         104          84  1.963453869125223E-019  
         104          92  1.152555805468179E-019  
         104         103  1.879060048775617E-019  
         104         104  9.263636164606394E-019  
         104         122  9.514676817423208E-020  
         105          82  1.277090805098789E-020  
         105          94 -9.771147578541086E-021  
         105          98  6.828660570118028E-021  
         105         105  6.641736341871263E-019  
         105         114  7.482654626468364E-022  
         105         119 -9.003998869258731E-021  
         105         129 -1.164026471236425E-021  
         106          83  1.101266590205116E-019  
         106          96  1.071584287109245E-019  
         106          97  1.226649356225487E-019  
         106         106  1.234483286010978E-018  
         106         118  1.066337221399826E-019  
         106         120  4.748911968316775E-020  
         106         131  6.387326030776069E-020  
         107          89  1.644566201846971E-020  
         107          91  3.495780970114586E-020  
         107         107  7.646181970862251E-019  
         107         109  1.199472743504631E-020  
         107         111  1.733585487403367E-020  
         107         127  1.332534249509188E-020  
         107         128  6.884852597919519E-021  
         108          85  7.779175876082045E-020  
         108          96  8.700498689878110E-020  
         108         101  7.490082692687527E-020  
         108         108  1.095703011671941E-018  
         108         118  9.152041251013354E-020  
         108         123  7.145433480262408E-020  
         108         132  1.341280673858816E-020  
         109          89  2.303465614748280E-020  
         109          93  6.831867540589130E-021  
         109         107  1.199472743504631E-020  
         109         109  7.179681356117419E-019  
         109         113  6.376862542583749E-021  
         109         127 -1.849848774073373E-021  
         109         130  8.612206574817414E-021  
         110          86  1.292579432994414E-020  
         110         100  3.366562378518354E-021  
         110         110  3.348117406971687E-019  
         110         124 -1.863299856863592E-020  
         110         135  1.958461728984427E-021  
         111          91  2.751760128351346E-020  
         111          95  6.087647826171837E-020  
         111         107  1.733585487403367E-020  
         111         111  8.164145565519437E-019  
         111         121  2.815622802242198E-021  
         111         128  2.224752005532730E-020  
         111         134  9.733268836667475E-021  
         112          87  3.469715195891312E-020  
         112         100  6.263450375567082E-021  
         112         102  1.145194446790655E-020  
         112         112  7.044620974426117E-019  
         112         124  9.125660660976518E-022  
         112         126 -3.732800592886799E-020  
         112         136  2.495713297535722E-020  
         112         140 -4.326963979495801E-021  
         113          93  1.515014150973222E-020  
         113          98 -1.916896335044160E-021  
         113         109  6.376862542583749E-021  
         113         113  6.799102185002715E-019  
         113         119  2.584456476961521E-021  
         113         130 -6.783592571920478E-021  
         113         133  1.724721237192275E-021  
         114          94 -7.358992586808873E-022  
         114          99 -2.436775629796232E-021  
         114         105  7.482654626468445E-022  
         114         114  6.218428570566661E-019  
         114         125 -9.616513300098528E-021  
         114         129 -1.670011098151063E-020  
         114         142 -1.465340844989240E-020  
         115          95  5.062613781592575E-020  
         115         101  4.428937245115684E-020  
         115         115  8.304225884391176E-019  
         115         121  1.637193455227963E-020  
         115         123  4.749581982199158E-020  
         115         137 -1.789895134377597E-020  
         115         141  3.136186434760599E-021  
         116          97  1.718186178722329E-019  
         116         103  1.803457646754044E-019  
         116         116  1.599436781792033E-018  
         116         120  6.658362300543286E-020  
         116         122  1.857948907889207E-019  
         116         138  4.896877018427354E-020  
         116         139  1.644809456704885E-019  
         116         148  1.133372875332498E-019  
         117          99  1.210519344680064E-020  
         117         102 -1.958269315307164E-020  
         117         117  5.697492144566756E-019  
         117         125 -3.541219640660065E-020  
         117         126 -4.329873761692856E-020  
         117         143 -1.811824023002947E-020  
         117         144 -8.327762223410106E-021  
         118          96  1.086803174571281E-019  
         118         106  1.066337221399826E-019  
         118         108  9.152041251013354E-020  
         118         118  1.235265696028628E-018  
