        1671       1671	     11435
	   1           1	 2.035343088629107E-019
           1           2	 1.017671544314553E-019
           1           3	 4.981010686946028E-020
           1           4	 5.195704756199505E-020
           2           1	 1.017671544314553E-019
           2           2	 4.833627369006639E-019
           2           3	 9.039282831490815E-020
           2           4	 1.018452724210245E-019
           2           5	 9.002598915984713E-020
           2           6	 9.933149257342871E-020
           3           1	 4.981010686946028E-020
           3           2	 9.039282831490815E-020
           3           3	 2.845083127861671E-019
           3           5	 9.244404952362327E-020
           3           7	 5.186132807817540E-020
           4           1	 5.195704756199505E-020
           4           2	 1.018452724210245E-019
           4           4	 3.397004755972852E-019
           4           6	 1.178931902366476E-019
           4           8	 6.800496537761809E-020
           5           2	 9.002598915984713E-020
           5           3	 9.244404952362327E-020
           5           5	 5.932665546500812E-019
           5           6	 1.045631031900528E-019
           5           7	 1.018376500630684E-019
           5           9	 1.047696381021251E-019
           5          10	 9.962612461136452E-020
           6           2	 9.933149257342871E-020
           6           4	 1.178931902366476E-019
           6           5	 1.045631031900528E-019
           6           6	 7.703746503162044E-019
           6           8	 1.330940568585810E-019
           6           9	 1.027696219610138E-019
           6          11	 1.150812452460415E-019
           6          12	 9.764194025043902E-020
           7           3	 5.186132807817540E-020
           7           5	 1.018376500630684E-019
           7           7	 3.021883359542971E-019
           7          10	 9.923283989897323E-020
           7          13	 4.925651791408018E-020
           8           4	 6.800496537761809E-020
           8           6	 1.330940568585810E-019
           8           8	 3.855758842677874E-019
           8          11	 1.247829767562756E-019
           8          14	 5.969388527531279E-020
           9           5	 1.047696381021251E-019
           9           6	 1.027696219610138E-019
           9           9	 5.762143768898616E-019
           9          10	 9.772509097226477E-020
           9          12	 8.781808449598575E-020
           9          15	 9.551946584681996E-020
           9          16	 8.761247551165223E-020
          10           5	 9.962612461136452E-020
          10           7	 9.923283989897323E-020
          10           9	 9.772509097226477E-020
          10          10	 6.106628101334114E-019
          10          13	 1.046580862167634E-019
          10          15	 1.010471942385778E-019
          10          17	 1.083734741954677E-019
          11           6	 1.150812452460415E-019
          11           8	 1.247829767562756E-019
          11          11	 6.808503573004164E-019
          11          12	 9.921448878040671E-020
          11          14	 1.152495155361982E-019
          11          18	 1.100944178679684E-019
          11          19	 1.164277131135259E-019
          12           6	 9.764194025043902E-020
          12           9	 8.781808449598575E-020
          12          11	 9.921448878040671E-020
          12          12	 4.694891227877116E-019
          12          16	 8.788028612808891E-020
          12          18	 9.693432313279136E-020
          13           7	 4.925651791408018E-020
          13          10	 1.046580862167634E-019
          13          13	 3.053709262644176E-019
          13          17	 1.034289452181285E-019
          13          20	 4.802737691544535E-020
          14           8	 5.969388527531279E-020
          14          11	 1.152495155361982E-019
          14          14	 3.436002853933894E-019
          14          19	 1.121062574213819E-019
          14          23	 5.655062716049645E-020
          15           9	 9.551946584681996E-020
          15          10	 1.010471942385778E-019
          15          15	 5.537934259513228E-019
          15          16	 9.107294478950356E-020
          15          17	 9.863584474342771E-020
          15          21	 8.274140238541360E-020
          15          22	 8.477657394758001E-020
          16           9	 8.761247551165223E-020
          16          12	 8.788028612808891E-020
          16          15	 9.107294478950356E-020
          16          16	 5.774835782357702E-019
          16          18	 1.088625854858645E-019
          16          21	 9.226672812036829E-020
          16          24	 1.097885582002925E-019
          17          10	 1.083734741954677E-019
          17          13	 1.034289452181285E-019
          17          15	 9.863584474342771E-020
          17          17	 6.339226069422997E-019
          17          20	 9.035878848025371E-020
          17          22	 8.319759588195675E-020
          17          25	 7.736285647827997E-020
          17          27	 7.256510194478512E-020
          18          11	 1.100944178679684E-019
          18          12	 9.693432313279136E-020
          18          16	 1.088625854858645E-019
          18          18	 7.561042131358312E-019
          18          19	 1.097774686044660E-019
          18          24	 1.234745363337328E-019
          18          26	 9.677116424875073E-020
          18          29	 1.101897174622570E-019
          19          11	 1.164277131135259E-019
          19          14	 1.121062574213819E-019
          19          18	 1.097774686044660E-019
          19          19	 6.381666721927694E-019
          19          23	 1.102072013233999E-019
          19          26	 9.244842165945889E-020
          19          28	 9.719961007053674E-020
          20          13	 4.802737691544535E-020
          20          17	 9.035878848025371E-020
          20          20	 2.423735733198671E-019
          20          25	 7.315940974448818E-020
          20          31	 3.082799817967989E-020
          21          15	 8.274140238541360E-020
          21          16	 9.226672812036829E-020
          21          21	 4.647914766770268E-019
          21          22	 7.116520459921292E-020
          21          24	 8.775131146131879E-020
          21          30	 6.190302449178096E-020
          21          32	 6.896380561893213E-020
          22          15	 8.477657394758001E-020
          22          17	 8.319759588195675E-020
          22          21	 7.116520459921292E-020
          22          22	 4.118086625222070E-019
          22          27	 6.287752683613281E-020
          22          30	 5.825023047739077E-020
          22          33	 5.154153077993390E-020
          23          14	 5.655062716049645E-020
          23          19	 1.102072013233999E-019
          23          23	 3.304633948870018E-019
          23          28	 1.086810702830044E-019
          23          34	 5.502449612010097E-020
          24          16	 1.097885582002925E-019
          24          18	 1.234745363337328E-019
          24          21	 8.775131146131879E-020
          24          24	 6.302649942530715E-019
          24          29	 1.082447780828624E-019
          24          32	 6.709494421120321E-020
          24          36	 7.592505574970825E-020
          24          39	 5.798581021395352E-020
          25          17	 7.736285647827997E-020
          25          20	 7.315940974448818E-020
          25          25	 3.626873687341385E-019
          25          27	 5.961393354952418E-020
          25          31	 5.628601294565519E-020
          25          35	 4.769481494313408E-020
          25          38	 4.857034107305686E-020
          26          18	 9.677116424875073E-020
          26          19	 9.244842165945889E-020
          26          26	 4.776385926764768E-019
          26          28	 9.359833197476186E-020
          26          29	 9.631557861165093E-020
          26          37	 9.850509618185428E-020
          27          17	 7.256510194478512E-020
          27          22	 6.287752683613281E-020
          27          25	 5.961393354952418E-020
          27          27	 3.141553380565546E-019
          27          33	 4.288500787384236E-020
          27          35	 4.162755920964992E-020
          27          40	 3.458620864262038E-020
          28          19	 9.719961007053674E-020
          28          23	 1.086810702830044E-019
          28          26	 9.359833197476186E-020
          28          28	 6.456776096329929E-019
          28          34	 1.124825658434781E-019
          28          37	 1.131566289024817E-019
          28          41	 1.205594025587302E-019
          29          18	 1.101897174622570E-019
          29          24	 1.082447780828624E-019
          29          26	 9.631557861165093E-020
          29          29	 6.005831814653385E-019
          29          36	 8.724416708246093E-020
          29          37	 1.028577061879515E-019
          29          44	 9.573123403815600E-020
          30          21	 6.190302449178096E-020
          30          22	 5.825023047739077E-020
          30          30	 3.147197896980738E-019
          30          32	 5.494174670723146E-020
          30          33	 4.808511428359951E-020
          30          42	 4.737175607365635E-020
          30          43	 4.416791766441466E-020
          31          20	 3.082799817967989E-020
          31          25	 5.628601294565519E-020
          31          31	 1.575495785270859E-019
          31          38	 4.794679108386310E-020
          31          45	 2.248877631788775E-020
          32          21	 6.896380561893213E-020
          32          24	 6.709494421120321E-020
          32          30	 5.494174670723146E-020
          32          32	 3.313602133268824E-019
          32          39	 4.846470969423492E-020
          32          42	 4.825159135027408E-020
          32          46	 4.364341574500648E-020
          33          22	 5.154153077993390E-020
          33          27	 4.288500787384236E-020
          33          30	 4.808511428359951E-020
          33          33	 2.505312153289410E-019
          33          40	 3.275993820742839E-020
          33          43	 4.096413867710819E-020
          33          48	 3.429548550702865E-020
          34          23	 5.502449612010097E-020
          34          28	 1.124825658434781E-019
          34          34	 3.391865025727101E-019
          34          41	 1.145687551662540E-019
          34          49	 5.711068544287688E-020
          35          25	 4.769481494313408E-020
          35          27	 4.162755920964992E-020
          35          35	 2.431525478123761E-019
          35          38	 4.251773354168251E-020
          35          40	 3.417376145719385E-020
          35          47	 3.970769750586013E-020
          35          51	 3.743098115485565E-020
          36          24	 7.592505574970825E-020
          36          29	 8.724416708246093E-020
          36          36	 4.076246648984034E-019
          36          39	 5.261387902196911E-020
          36          44	 7.665244722496202E-020
          36          50	 5.123482947453152E-020
          36          53	 6.395428634477175E-020
          37          26	 9.850509618185428E-020
          37          28	 1.131566289024817E-019
          37          29	 1.028577061879515E-019
          37          37	 7.869254813887396E-019
          37          41	 1.288775146555869E-019
          37          44	 1.076842479498821E-019
          37          52	 1.241720637272803E-019
          37          54	 1.116722237837029E-019
          38          25	 4.857034107305686E-020
          38          31	 4.794679108386310E-020
          38          35	 4.251773354168251E-020
          38          38	 2.544671360179399E-019
          38          45	 4.111876612167720E-020
          38          47	 3.754446081423592E-020
          38          55	 3.676904338342438E-020
          39          24	 5.798581021395352E-020
          39          32	 4.846470969423492E-020
          39          36	 5.261387902196911E-020
          39          39	 2.421315387230085E-019
          39          46	 4.047029675775927E-020
          39          50	 4.259684303509172E-020
          40          27	 3.458620864262038E-020
          40          33	 3.275993820742839E-020
          40          35	 3.417376145719385E-020
          40          40	 1.666959643331121E-019
          40          48	 3.163308264033916E-020
          40          51	 3.354297338553028E-020
          41          28	 1.205594025587302E-019
          41          34	 1.145687551662540E-019
          41          37	 1.288775146555869E-019
          41          41	 7.367251797660208E-019
          41          49	 1.214897411701169E-019
          41          52	 1.263134461541634E-019
          41          58	 1.249163200611697E-019
          42          30	 4.737175607365635E-020
          42          32	 4.825159135027408E-020
          42          42	 2.627442342831516E-019
          42          43	 4.209987965061072E-020
          42          46	 4.426525999920633E-020
          42          56	 3.973510106871314E-020
          42          57	 4.102064614069101E-020
          43          30	 4.416791766441466E-020
          43          33	 4.096413867710819E-020
          43          42	 4.209987965061072E-020
          43          43	 2.370376576233678E-019
          43          48	 3.660043549119126E-020
          43          56	 3.775047565607799E-020
          43          59	 3.545481048396497E-020
          44          29	 9.573123403815600E-020
          44          36	 7.665244722496202E-020
          44          37	 1.076842479498821E-019
          44          44	 5.201992762626108E-019
          44          53	 7.081427842271761E-020
          44          54	 9.355412567043173E-020
          44          61	 7.576294295646124E-020
          45          31	 2.248877631788775E-020
          45          38	 4.111876612167720E-020
          45          45	 1.165293202185147E-019
          45          55	 3.577588379136961E-020
          45          64	 1.714589398758015E-020
          46          32	 4.364341574500648E-020
          46          39	 4.047029675775927E-020
          46          42	 4.426525999920633E-020
          46          46	 2.567950370125968E-019
          46          50	 4.237534234414805E-020
          46          57	 4.237876041714385E-020
          46          60	 4.366196174933278E-020
          47          35	 3.970769750586013E-020
          47          38	 3.754446081423592E-020
          47          47	 2.084060003396681E-019
          47          51	 3.749164731019880E-020
          47          55	 3.335162591558194E-020
          47          62	 3.114367674839198E-020
          47          65	 2.916689204539931E-020
          48          33	 3.429548550702865E-020
          48          40	 3.163308264033916E-020
          48          43	 3.660043549119126E-020
          48          48	 2.049159671690753E-019
          48          51	 3.451058771428972E-020
          48          59	 3.365191036321927E-020
          48          63	 3.422446545300723E-020
          49          34	 5.711068544287688E-020
          49          41	 1.214897411701169E-019
          49          49	 3.599992349744732E-019
          49          58	 1.228889320443597E-019
          49          68	 5.850987631711959E-020
          50          36	 5.123482947453152E-020
          50          39	 4.259684303509172E-020
          50          46	 4.237534234414805E-020
          50          50	 2.872811204579779E-019
          50          53	 5.492627254427703E-020
          50          60	 4.611744464962014E-020
          50          66	 5.003038841030936E-020
          51          35	 3.743098115485565E-020
          51          40	 3.354297338553028E-020
          51          47	 3.749164731019880E-020
          51          48	 3.451058771428972E-020
          51          51	 2.402893645435597E-019
          51          62	 3.201977724793431E-020
          51          63	 3.427964136705617E-020
          51          70	 3.101375636369487E-020
          52          37	 1.241720637272803E-019
          52          41	 1.263134461541634E-019
          52          52	 6.815569222693614E-019
          52          54	 1.043212499500869E-019
          52          58	 1.204258372723966E-019
          52          67	 9.618056013500387E-020
          52          69	 1.101437650304304E-019
          53          36	 6.395428634477175E-020
          53          44	 7.081427842271761E-020
          53          50	 5.492627254427703E-020
          53          53	 3.686026135414236E-019
          53          61	 6.636890267144895E-020
          53          66	 5.397811775449107E-020
          53          72	 5.856075580371712E-020
          54          37	 1.116722237837029E-019
          54          44	 9.355412567043173E-020
          54          52	 1.043212499500869E-019
          54          54	 5.479197897270131E-019
          54          61	 7.755920911066806E-020
          54          67	 8.472846196913555E-020
          54          74	 7.608451924298785E-020
          55          38	 3.676904338342438E-020
          55          45	 3.577588379136961E-020
          55          47	 3.335162591558194E-020
          55          55	 1.949231623241227E-019
          55          64	 3.154098481668842E-020
          55          65	 2.915155296194854E-020
          55          76	 2.833407145510983E-020
          56          42	 3.973510106871314E-020
          56          43	 3.775047565607799E-020
          56          56	 2.175579863623494E-019
          56          57	 3.824852434202858E-020
          56          59	 3.415689617650766E-020
          56          71	 3.488699593595393E-020
          56          73	 3.277999318306815E-020
          57          42	 4.102064614069101E-020
          57          46	 4.237876041714385E-020
          57          56	 3.824852434202858E-020
          57          57	 2.415633704951181E-019
          57          60	 4.227854804581131E-020
          57          71	 3.748249106105667E-020
          57          75	 4.015440048838656E-020
          58          41	 1.249163200611697E-019
          58          49	 1.228889320443597E-019
          58          52	 1.204258372723966E-019
          58          58	 8.181116702711083E-019
          58          68	 1.462748109256661E-019
          58          69	 1.378647041487184E-019
          58          78	 1.657410658187979E-019
          59          43	 3.545481048396497E-020
          59          48	 3.365191036321927E-020
          59          56	 3.415689617650766E-020
          59          59	 1.941018914458294E-019
          59          63	 3.075035507212845E-020
          59          73	 3.084578016682126E-020
          59          77	 2.924213918318773E-020
          60          46	 4.366196174933278E-020
          60          50	 4.611744464962014E-020
          60          57	 4.227854804581131E-020
          60          60	 2.675910450015556E-019
          60          66	 4.717083953567892E-020
          60          75	 4.296272121576607E-020
          60          79	 4.539952980534631E-020
          61          44	 7.576294295646124E-020
          61          53	 6.636890267144895E-020
          61          54	 7.755920911066806E-020
          61          61	 4.153249567448008E-019
          61          72	 6.177300603374161E-020
          61          74	 7.012652938219754E-020
          61          83	 6.373436659028340E-020
          62          47	 3.114367674839198E-020
          62          51	 3.201977724793431E-020
          62          62	 1.501589488345750E-019
          62          65	 2.547604445049308E-020
          62          70	 2.385875289320598E-020
          62          80	 2.007704477568953E-020
          62          81	 1.758365271886013E-020
          63          48	 3.422446545300723E-020
          63          51	 3.427964136705617E-020
          63          59	 3.075035507212845E-020
          63          63	 1.809318735868137E-019
          63          70	 2.858513266541621E-020
          63          77	 2.765633867498344E-020
          63          82	 2.543594035422227E-020
          64          45	 1.714589398758015E-020
          64          55	 3.154098481668842E-020
          64          64	 8.961163604698077E-020
          64          76	 2.765992403591025E-020
          64          86	 1.326483320680197E-020
          65          47	 2.916689204539931E-020
          65          55	 2.915155296194854E-020
          65          62	 2.547604445049308E-020
          65          65	 1.557753422411184E-019
          65          76	 2.601465171816031E-020
          65          80	 2.270612735699956E-020
          65          87	 2.326007370811759E-020
          66          50	 5.003038841030936E-020
          66          53	 5.397811775449107E-020
          66          60	 4.717083953567892E-020
          66          66	 3.009902824152062E-019
          66          72	 5.313520432924825E-020
          66          79	 4.732954846804544E-020
          66          85	 4.934618391743306E-020
          67          52	 9.618056013500387E-020
          67          54	 8.472846196913555E-020
          67          67	 4.719256967943099E-019
          67          69	 9.296265348948328E-020
          67          74	 6.713928403913025E-020
          67          84	 7.264300422302083E-020
          67          88	 5.827173293853611E-020
          68          49	 5.850987631711959E-020
          68          58	 1.462748109256661E-019
          68          68	 4.263957756974860E-019
          68          78	 1.546880115316234E-019
          68          90	 6.692307692307699E-020
          69          52	 1.101437650304304E-019
          69          58	 1.378647041487184E-019
          69          67	 9.296265348948328E-020
          69          69	 6.837337495175975E-019
          69          78	 1.402876817901817E-019
          69          84	 9.143542793818669E-020
          69          92	 1.110395171205970E-019
          70          51	 3.101375636369487E-020
          70          62	 2.385875289320598E-020
          70          63	 2.858513266541621E-020
          70          70	 1.426389440878613E-019
          70          81	 1.725978777047664E-020
          70          82	 2.304592790975912E-020
          70          94	 1.887558648530844E-020
          71          56	 3.488699593595393E-020
          71          57	 3.748249106105667E-020
          71          71	 2.044372867570221E-019
          71          73	 3.146904991195468E-020
          71          75	 3.694788063254701E-020
          71          89	 3.038376681001013E-020
          71          91	 3.326710240549968E-020
          72          53	 5.856075580371712E-020
          72          61	 6.177300603374161E-020
          72          66	 5.313520432924825E-020
          72          72	 3.370033722720551E-019
          72          83	 5.887660180000061E-020
          72          85	 5.106432853230981E-020
          72          96	 5.359347577303763E-020
          73          56	 3.277999318306815E-020
          73          59	 3.084578016682126E-020
          73          71	 3.146904991195468E-020
          73          73	 1.772132999305753E-019
          73          77	 2.768147445849488E-020
          73          89	 2.814518232372465E-020
          73          93	 2.629181988651168E-020
          74          54	 7.608451924298785E-020
          74          61	 7.012652938219754E-020
          74          67	 6.713928403913025E-020
          74          74	 4.048143551618901E-019
          74          83	 6.794808299025562E-020
          74          88	 5.837457534770154E-020
          74          97	 6.514136415961729E-020
          75          57	 4.015440048838656E-020
          75          60	 4.296272121576607E-020
          75          71	 3.694788063254701E-020
          75          75	 2.483693651437656E-019
          75          79	 4.549730480609946E-020
          75          91	 3.853297727739680E-020
          75          95	 4.427408072356973E-020
          76          55	 2.833407145510983E-020
          76          64	 2.765992403591025E-020
          76          65	 2.601465171816031E-020
          76          76	 1.532563633400266E-019
          76          86	 2.481728814436273E-020
          76          87	 2.347682207054076E-020
          76         100	 2.295360591594276E-020
          77          59	 2.924213918318773E-020
          77          63	 2.765633867498344E-020
          77          73	 2.768147445849488E-020
          77          77	 1.568753039500080E-019
          77          82	 2.445618851505527E-020
          77          93	 2.473932427676098E-020
          77          98	 2.309983884152566E-020
          78          58	 1.657410658187979E-019
          78          68	 1.546880115316234E-019
          78          69	 1.402876817901817E-019
          78          78	 5.899513866436099E-019
          78          90	 6.692307692307699E-020
          78          92	 6.231155057993018E-020
          79          60	 4.539952980534631E-020
          79          66	 4.732954846804544E-020
          79          75	 4.549730480609946E-020
          79          79	 2.771773804848737E-019
          79          85	 4.623105378611251E-020
          79          95	 4.695810665097804E-020
          79         101	 4.576183696829195E-020
          80          62	 2.007704477568953E-020
          80          65	 2.270612735699956E-020
          80          80	 1.189542363698154E-019
          80          81	 1.716188074259739E-020
          80          87	 2.073516954557457E-020
          80          99	 1.866490386364360E-020
          80         102	 1.960911008531074E-020
          81          62	 1.758365271886013E-020
          81          70	 1.725978777047664E-020
          81          80	 1.716188074259739E-020
          81          81	 8.583033090605941E-020
          81          94	 1.672495202622098E-020
          81          99	 1.710005764790429E-020
          82          63	 2.543594035422227E-020
          82          70	 2.304592790975912E-020
          82          77	 2.445618851505527E-020
          82          82	 1.346368362773113E-019
          82          94	 2.032215601820734E-020
          82          98	 2.156032176622604E-020
          82         105	 1.981630171384126E-020
          83          61	 6.373436659028340E-020
          83          72	 5.887660180000061E-020
          83          74	 6.794808299025562E-020
          83          83	 3.679889899559494E-019
          83          96	 5.440496378188008E-020
          83          97	 6.585516460581121E-020
          83         106	 5.716981018771845E-020
          84          67	 7.264300422302083E-020
          84          69	 9.143542793818669E-020
          84          84	 4.681013193734734E-019
          84          88	 5.913807680861607E-020
          84          92	 9.438510524169801E-020
          84         103	 6.702255022201787E-020
          84         104	 8.347715493993393E-020
          85          66	 4.934618391743306E-020
          85          72	 5.106432853230981E-020
          85          79	 4.623105378611251E-020
          85          85	 2.836903522684389E-019
          85          96	 4.862209258409600E-020
          85         101	 4.387689963269034E-020
          85         108	 4.454979381579710E-020
          86          64	 1.326483320680197E-020
          86          76	 2.481728814436273E-020
          86          86	 7.035847022345275E-020
          86         100	 2.191440190492440E-020
          86         110	 1.036194696736364E-020
          87          65	 2.326007370811759E-020
          87          76	 2.347682207054076E-020
          87          80	 2.073516954557457E-020
          87          87	 1.309860567980164E-019
          87         100	 2.255045226472636E-020
          87         102	 1.968250242616424E-020
          87         112	 2.128103678289285E-020
          88          67	 5.827173293853611E-020
          88          74	 5.837457534770154E-020
          88          84	 5.913807680861607E-020
          88          88	 2.952224152344751E-019
          88          97	 6.013694069558627E-020
          88         103	 5.930108944403489E-020
          89          71	 3.038376681001013E-020
          89          73	 2.814518232372465E-020
          89          89	 1.611046724582617E-019
          89          91	 2.901919932146094E-020
          89          93	 2.494727771106438E-020
          89         107	 2.522129170805632E-020
          89         109	 2.338795458394527E-020
          90          68	 6.692307692307699E-020
          90          78	 6.692307692307699E-020
          90          90	 1.338461538461540E-019
          91          71	 3.326710240549968E-020
          91          75	 3.853297727739680E-020
          91          89	 2.901919932146094E-020
          91          91	 1.964496975421944E-019
          91          95	 3.815613834810315E-020
          91         107	 2.680160801749440E-020
          91         111	 3.067267217223950E-020
          92          69	 1.110395171205970E-019
          92          78	 6.231155057993018E-020
          92          84	 9.438510524169801E-020
          92          92	 3.133933116432563E-019
          92         104	 4.565713870103116E-020
          93          73	 2.629181988651168E-020
          93          77	 2.473932427676098E-020
          93          89	 2.494727771106438E-020
          93          93	 1.410187369279294E-019
          93          98	 2.207207719715629E-020
          93         109	 2.214547138029670E-020
          93         113	 2.082276647613929E-020
          94          70	 1.887558648530844E-020
          94          81	 1.672495202622098E-020
          94          82	 2.032215601820734E-020
          94          94	 1.102672013683665E-019
          94          99	 1.797534215873530E-020
          94         105	 1.828267204013953E-020
          94         114	 1.808649263975497E-020
          95          75	 4.427408072356973E-020
          95          79	 4.695810665097804E-020
          95          91	 3.815613834810315E-020
          95          95	 2.659366310016120E-019
          95         101	 4.217136026965063E-020
          95         111	 3.199889575358061E-020
          95         115	 3.327656395833738E-020
          95         121	 2.910148529739250E-020
          96          72	 5.359347577303763E-020
          96          83	 5.440496378188008E-020
          96          85	 4.862209258409600E-020
          96          96	 3.083135147169750E-019
          96         106	 5.296040273507391E-020
          96         108	 4.760287885037598E-020
          96         118	 5.112970099251139E-020
          97          74	 6.514136415961729E-020
          97          83	 6.585516460581121E-020
          97          88	 6.013694069558627E-020
          97          97	 4.236427304731517E-019
          97         103	 6.936446188750516E-020
          97         106	 5.244876854082932E-020
          97         116	 6.413267707520931E-020
          97         120	 4.656335350859299E-020
          98          77	 2.309983884152566E-020
          98          82	 2.156032176622604E-020
          98          93	 2.207207719715629E-020
          98          98	 1.245341091165376E-019
          98         105	 1.936594445352997E-020
          98         113	 1.980127126321316E-020
          98         119	 1.863465559488648E-020
          99          80	 1.866490386364360E-020
          99          81	 1.710005764790429E-020
          99          94	 1.797534215873530E-020
          99          99	 1.219890066863540E-019
          99         102	 1.836940862820767E-020
          99         114	 1.779072355508122E-020
          99         117	 1.604537898449653E-020
          99         125	 1.604319184828544E-020
         100          76	 2.295360591594276E-020
         100          86	 2.191440190492440E-020
         100          87	 2.255045226472636E-020
         100         100	 1.272214239604049E-019
         100         110	 1.938715112312142E-020
         100         112	 2.126995494113826E-020
         100         124	 1.914585781055167E-020
         101          79	 4.576183696829195E-020
         101          85	 4.387689963269034E-020
         101          95	 4.217136026965063E-020
         101         101	 2.478895652566800E-019
         101         108	 4.196564983021339E-020
         101         115	 3.621729582983468E-020
         101         123	 3.789652272599905E-020
         102          80	 1.960911008531074E-020
         102          87	 1.968250242616424E-020
         102          99	 1.836940862820767E-020
         102         102	 9.974891426345454E-020
         102         112	 1.661190521421574E-020
         102         117	 1.365344183220079E-020
         102         126	 1.182254607735535E-020
         103          84	 6.702255022201787E-020
         103          88	 5.930108944403489E-020
         103          97	 6.936446188750516E-020
         103         103	 4.277251795978484E-019
         103         104	 7.700555137733765E-020
         103         116	 7.755594897755165E-020
         103         122	 7.747557768940111E-020
         104          84	 8.347715493993393E-020
         104          92	 4.565713870103116E-020
         104         103	 7.700555137733765E-020
         104         104	 2.453253801567376E-019
         104         122	 3.918553513843483E-020
         105          82	 1.981630171384126E-020
         105          94	 1.828267204013953E-020
         105          98	 1.936594445352997E-020
         105         105	 1.071906927986843E-019
         105         114	 1.642016306615877E-020
         105         119	 1.735888161934214E-020
         105         129	 1.594672990567266E-020
         106          83	 5.716981018771845E-020
         106          96	 5.296040273507391E-020
         106          97	 5.244876854082932E-020
         106         106	 2.891015179832053E-019
         106         118	 4.929940430031568E-020
         106         120	 3.808154450356862E-020
         106         131	 3.914158771569949E-020
         107          89	 2.522129170805632E-020
         107          91	 2.680160801749440E-020
         107         107	 1.396068461625697E-019
         107         109	 2.181821378482732E-020
         107         111	 2.455764918572223E-020
         107         127	 2.002448218750629E-020
         107         128	 2.118360127896313E-020
         108          85	 4.454979381579710E-020
         108          96	 4.760287885037598E-020
         108         101	 4.196564983021339E-020
         108         108	 2.438367965015748E-019
         108         118	 4.153922255152821E-020
         108         123	 3.582938188346208E-020
         108         132	 3.234986957019802E-020
         109          89	 2.338795458394527E-020
         109          93	 2.214547138029670E-020
         109         107	 2.181821378482732E-020
         109         109	 1.246723559803529E-019
         109         113	 1.971698910714806E-020
         109         127	 1.923123429908309E-020
         109         130	 1.837249282505241E-020
         110          86	 1.036194696736364E-020
         110         100	 1.938715112312142E-020
         110         110	 5.394025170419027E-020
         110         124	 1.660817888473149E-020
         110         135	 7.582974728973716E-021
         111          91	 3.067267217223950E-020
         111          95	 3.199889575358061E-020
         111         107	 2.455764918572223E-020
         111         111	 1.543453068815237E-019
         111         121	 2.497799086227701E-020
         111         128	 2.152199040624530E-020
         111         134	 2.061610850145895E-020
         112          87	 2.128103678289285E-020
         112         100	 2.126995494113826E-020
         112         102	 1.661190521421574E-020
         112         112	 1.195305440932402E-019
         112         124	 1.903450424787287E-020
         112         126	 1.197656036471579E-020
         112         136	 1.638702124421755E-020
         112         140	 1.296956129818713E-020
         113          93	 2.082276647613929E-020
         113          98	 1.980127126321316E-020
         113         109	 1.971698910714806E-020
         113         113	 1.124267598967381E-019
         113         119	 1.778515039720924E-020
         113         130	 1.760546307502053E-020
         113         133	 1.669511957800784E-020
         114          94	 1.808649263975497E-020
         114          99	 1.779072355508122E-020
         114         105	 1.642016306615877E-020
         114         114	 9.329813143537647E-020
         114         125	 1.438399976772590E-020
         114         129	 1.417857331020735E-020
         114         142	 1.243817909644823E-020
         115          95	 3.327656395833738E-020
         115         101	 3.621729582983468E-020
         115         115	 1.571682400276542E-019
         115         121	 2.218514701854475E-020
         115         123	 3.025266518392271E-020
         115         137	 1.505489087156703E-020
         115         141	 2.018167716544768E-020
         116          97	 6.413267707520931E-020
         116         103	 7.755594897755165E-020
         116         116	 4.081881744390378E-019
         116         120	 4.041786179579278E-020
         116         122	 7.514170816282146E-020
         116         138	 3.491629979550258E-020
         116         139	 6.675506779784069E-020
         116         148	 4.926861083431933E-020
         117          99	 1.604537898449653E-020
         117         102	 1.365344183220079E-020
         117         117	 7.372819004410252E-020
         117         125	 1.350233512151438E-020
         117         126	 9.852671561728990E-021
         117         143	 1.096604447582572E-020
         117         144	 9.708318068336085E-021
         118          96	 5.112970099251139E-020
         118         106	 4.929940430031568E-020
         118         108	 4.153922255152821E-020
         118         118	 2.936843881010565E-019
         118         131	 4.332687749632823E-020
         118         132	 3.270898761196551E-020
         118         146	 4.024687937395147E-020
         118         147	 3.543331577445594E-020
         119          98	 1.863465559488648E-020
         119         105	 1.735888161934214E-020
         119         113	 1.778515039720924E-020
         119         119	 1.031473270118360E-019
         119         129	 1.630386418359373E-020
         119         133	 1.663514372743780E-020
         119         145	 1.642963148936663E-020
         120          97	 4.656335350859299E-020
         120         106	 3.808154450356862E-020
         120         116	 4.041786179579278E-020
         120         120	 1.815835100609531E-019
         120         131	 2.867731037471479E-020
         120         138	 2.784343987828393E-020
         121          95	 2.910148529739250E-020
         121         111	 2.497799086227701E-020
         121         115	 2.218514701854475E-020
         121         121	 1.236597130345053E-019
         121         134	 1.862466586506461E-020
         121         137	 1.410370535479558E-020
         121         149	 1.466671863643092E-020
         122         103	 7.747557768940111E-020
         122         104	 3.918553513843483E-020
         122         116	 7.514170816282146E-020
         122         122	 2.286544866025126E-019
         122         139	 3.685166561185518E-020
         123         101	 3.789652272599905E-020
         123         108	 3.582938188346208E-020
         123         115	 3.025266518392271E-020
